[cs_local_ch] proc_count = 7121, ch_num = 73
[cs_local_ch] ch_idx_list: 22,4b,30,14,45,3c,3b,2f,15,44,36,33,02,04,26,23,1e,32,0b,3f,1f,47,40,49,39,2b,0c,13,09,20,12,25,1c,0e,3a,0f,06,1d,3d,27,0a,2d,3e,08,4c,35,41,10,24,05,2a,07,29,22,48,37,46,38,4a,2e,34,03,21,42,31,0d,1a,1b,16,2c,28,43,11,00,00,00,00,00,00,00
[cs_local_ch] proc_time: e3,01,cb,02,cb,02,cb,02,cb,02,37,03,cb,02,cb,02,cb,02,cb,02,37,03,cb,02,cb,02,cb,02,cb,02,37,03,cb,02,cb,02,cb,02,cb,02,37,03,cb,02,cb,02,cb,02,cb,02,37,03,cb,02,cb,02,cb,02,cb,02,37,03,cb,02,cb,02,cb,02,cb,02,37,03,cb,02,cb,02,cb,02,cb,02
no ble remote iq.
ble key idx: 0, local iq ts: 7121, tof: 0, remote iq ts: 7121, tof: 2064.
[cs_config]:cs_mode:1,tof_para_num:14,ranging_freq:2,flag_ss_alg:0.
[init_info]:key:4,ts:7121,tof_calib:2800,freq_map_init:ffffffffffffffffffff,,phase_calib: 0.450.
[refl_info]:key:4,ts:7121,tof_calib:0,freq_map_refl:ffffffffffffffffffff,phase_calib: 0.000.
key:4,path:0,[iq_data]4,0,7121,[0]:-128;0,0;[1]:-128;0,0;[2]:-128;280,-59;[3]:-128;354,-326;[4]:-128;-40,-269;[5]:-128;-129,107;[6]:-128;218,40;[7]:-128;175,-31;[8]:-128;-54,199;[9]:-128;-138,-188;[10]:-42;-98,-199;[11]:-128;-229,172;[12]:-128;-125,205;[13]:-50;581,14;[14]:-128;-64,244;[15]:-41;120,-219;[16]:-128;77,-193;[17]:-128;-200,-716;[18]:-52;-212,166;[19]:-128;-21,-259;[20]:-128;-236,21;[21]:-128;157,177;[22]:-128;-83,-714;[23]:-128;0,0;[24]:-128;0,0;[25]:-128;0,0;[26]:-128;331,-509;[27]:-128;-413,-501;[28]:-128;32,236;[29]:-128;-24,-224;[30]:-128;-214,-119;[31]:-55;231,-139;[32]:-128;193,108;[33]:-128;-517,79;[34]:-128;181,176;[35]:-57;42,240;[36]:-128;-157,68;[37]:-128;-165,-141;[38]:-128;19,-235;[39]:-128;-142,129;[40]:-50;-60,-556;[41]:-128;134,198;[42]:-51;144,-35;[43]:-51;279,-22;[44]:-128;-380,-404;[45]:-128;44,-182;[46]:-128;-12,427;[47]:-128;-11,235;[48]:-128;-222,-45;[49]:-128;74,-497;[50]:-1]:-128;151,-189;[52]:-60;-375,-164;[53]:-74;-186,-73;[54]:-60;81,214;[55]:-60;214,86;[56]:-128;-52,267;[57]:-128;-56,283;[58]:-128;-67,202;[59]:-128;-163,157;[60]:-48;87,198;[61]:-128;28,199;[62]:-128;-181,-82;[63]:-128;69,234;[64]:-128;178,-212;[65]:-128;-64,163;[66]:-128;-197,212;[67]:-128;140,-297;[68]:-128;37,219;[69]:-128;188,-46;[70]:-128;182,32;[71]:-128;190,237;[72]:-128;-50,-143;[73]:-128;278,-206;[74]:-128;-86,-270;[75]:-128;88,230;[76]:-128;189,3;[77]:-128;0,0;[78]:-128;0,0;[79]:-128;0,0.
key:4,path:0,[iq_data]4,1,7121,[0]:-128;0,0;[1]:-128;0,0;[2]:-128;70,368;[3]:-128;-241,-289;[4]:-128;-359,137;[5]:-128;391,19;[6]:-128;-273,440;[7]:-128;-113,69;[8]:-128;399,156;[9]:-128;-168,-407;[10]:-50;-174,-346;[11]:-128;10,-297;[12]:-128;489,-15;[13]:-50;-120,347;[14]:-128;427,105;[15]:-49;-400,31;[16]:-128;-353,-60;[17]:-128;-473,-69;[18]:-48;335,-266;[19]:-128;-429,-111;[20]:-128;-202,-138;[21]:-128;243,-88;[22]:-128;-479,63;[23]:-128;0,0;[24]:-128;0,0;[25]:-128;0,0;[26]:-128;-239,394;[27]:-128;-521,-40;[28]:-128;519,-120;[29]:-128;-484,166;[30]:-128;-341,12;[31]:-52;229,300;[32]:-128;497,222;[33]:-128;-340,-322;[34]:-128;193,-88;[35]:-53;75,-338;[36]:-128;-185,-393;[37]:-128;-516,66;[38]:-128;-10,315;[39]:-128;-129,-427;[40]:-49;189,420;[41]:-128;63,-183;[42]:-52;245,242;[43]:-52;326,-83;[44]:-128;74,423;[45]:-128;-51,367;[46]:-128;-189,-223;[47]:-128;-176,-178;[48]:-128;-151,173;[49]:-128;302,110;[50]:-128;-226,-111;[51]:-128;209,96;[52]:-53;-12,245;[53]:-50;-322,63;[54]:-54;-107,-167;[55]:-59;-69,-130;[56]:-128;-183,-7;[57]:-128;-211,-241;[58]:-128;-221,-374;[59]:-128;-272,62;[60]:-54;-150,-175;[61]:-128;-90,-426;[62]:-128;-309,328;[63]:-128;-108,-293;[64]:-128;350,54;[65]:-128;-291,-276;[66]:-128;-118,199;[67]:-128;101,-248;[68]:-128;-232,-118;[69]:-128;121,-189;[70]:-128;-44,-117;[71]:-128;-137,-298;[72]:-128;88,9;[73]:-128;301,-171;[74]:-128;162,-9;[75]:-128;-206,-104;[76]:-128;126,-284;[77]:-128;0,0;[78]:-128;0,0;[79]:-128;0,0.
key:4,path:1,[iq_data]4,0,7121,[0]:-128;0,0;[1]:-128;0,0;[2]:-128;2,103;[3]:-128;-52,299;[4]:-128;124,-20;[5]:-128;-53,-123;[6]:-128;-22,145;[7]:-128;-129,43;[8]:-128;-116,-43;[9]:-128;109,-64;[10]:-42;106,-58;[11]:-128;-78,-62;[12]:-128;-110,-45;[13]:-50;26,231;[14]:-128;-108,-23;[15]:-41;91,46;[16]:-128;77,28;[17]:-128;240,-48;[18]:-52;-52,-63;[19]:-128;81,29;[20]:-128;-5,-59;[21]:-128;-52,28;[22]:-128;192,111;[23]:-128;0,0;[24]:-128;0,0;[25]:-128;0,0;[26]:-128;108,249;[27]:-128;209,-113;[28]:-128;-109,-36;[29]:-128;103,35;[30]:-128;52,-55;[31]:-55;30,80;[32]:-128;-81,70;[33]:-128;113,-220;[34]:-128;-119,25;[35]:-57;-78,-4;[36]:-128;-46,-87;[37]:-128;90,-90;[38]:-128;75,19;[39]:-128;-82,-71;[40]:-50;227,-84;[41]:-128;-104,5;[42]:-51;56,68;[43]:-51;1,93;[44]:-128;70,-188;[45]:-128;84,26;[46]:-128;-148,48;[47]:-128;-41,-14;[48]:-128;12,-41;[49]:-128;125,49;[50]:-128;-43,-44;[51]:-128;17,34;[52]:-60;93,-54;[53]:-74;21,-55;[54]:-60;-49,-34;[55]:-60;-80,25;[56]:-128;-63,-78;[57]:-128;-57,-65;[58]:-128;-42,-63;[59]:-128;14,-56;[60]:-48;-54,-34;[61]:-128;-70,-20;[62]:-128;47,-53;[63]:-128;-101,-45;[64]:-128;0,118;[65]:-128;-52,-53;[66]:-128;0,-147;[67]:-128;78,146;[68]:-128;-72,-65;[69]:-128;-53,78;[70]:-128;-37,117;[71]:-128;-145,12;[72]:-128;102,-36;[73]:-128;51,137;[74]:-128;132,-59;[75]:-128;-80,-15;[76]:-128;-26,55;[77]:-128;0,0;[78]:-128;0,0;[79]:-128;0,0.
key:4,path:1,[iq_data]4,1,7121,[0]:-128;0,0;[1]:-128;0,0;[2]:-128;-597,388;[3]:-128;378,-1197;[4]:-128;-613,-666;[5]:-128;377,1628;[6]:-128;-1674,-1037;[7]:-128;5,-687;[8]:-128;-62,1727;[9]:-128;580,-678;[10]:-50;465,-760;[11]:-128;868,-153;[12]:-128;356,1825;[13]:-50;-1022,-807;[14]:-128;433,828;[15]:-49;-690,-589;[16]:-128;-514,-1348;[17]:-128;-291,-785;[18]:-48;1132,725;[19]:-128;-477,-1369;[20]:-128;43,-578;[21]:-128;325,102;[22]:-128;-1121,-861;[23]:-128;0,0;[24]:-128;0,0;[25]:-128;0,0;[26]:-128;-1318,443;[27]:-128;-352,-1133;[28]:-128;650,1258;[29]:-128;-941,-962;[30]:-128;-223,-214;[31]:-52;-55,339;[32]:-128;-386,1176;[33]:-128;0,-1013;[34]:-128;-152,447;[35]:-53;404,143;[36]:-128;969,-500;[37]:-128;-142,-1314;[38]:-128;-487,137;[39]:-128;1303,-221;[40]:-49;-1106,455;[41]:-128;440,194;[42]:-52;-725,938;[43]:-52;189,362;[44]:-128;-1162,4;[45]:-128;-1386,212;[46]:-128;748,-435;[47]:-128;316,-238;[48]:-128;-370,-195;[49]:-128;205,459;[50]:-128;379,-484;[51]:-128;-196,436;[52]:-53;-256,229;[53]:-50;-1044,-511;[54]:-54;495,-226;[55]:-59;114,-135;[56]:-128;5,-556;[57]:-128;342,-691;[58]:-128;204,-1093;[59]:-128;-208,-390;[60]:-54;254,-364;[61]:-128;558,-774;[62]:-128;-827,4;[63]:-128;516,-384;[64]:-128;321,575;[65]:-128;74,-689;[66]:-128;-169,75;[67]:-128;429,168;[68]:-128;-35,-155;[69]:-128;367,135;[70]:-128;272,-183;[71]:-128;472,-411;[72]:-128;-138,274;[73]:-128;360,601;[74]:-128;134,184;[75]:-128;61,-504;[76]:-128;645,-131;[77]:-128;0,0;[78]:-128;0,0;[79]:-128;0,0.
key:4,path:2,[iq_data]4,0,7121,[0]:-128;0,0;[1]:-128;0,0;[2]:-128;-127,-71;[3]:-128;-322,-48;[4]:-128;-89,106;[5]:-128;-48,-54;[6]:-128;1,38;[7]:-128;-101,-244;[8]:-128;-49,-19;[9]:-128;14,-33;[10]:-42;45,-20;[11]:-128;138,35;[12]:-128;-30,8;[13]:-50;-357,-141;[14]:-128;-28,3;[15]:-41;28,-1;[16]:-128;49,8;[17]:-128;177,378;[18]:-52;-13,6;[19]:-128;2,-19;[20]:-128;171,130;[21]:-128;-7,-205;[22]:-128;-152,383;[23]:-128;0,0;[24]:-128;0,0;[25]:-128;0,0;[26]:-128;-264,249;[27]:-128;45,349;[28]:-128;2,-6;[29]:-128;8,7;[30]:-128;111,153;[31]:-55;-173,20;[32]:-128;6,-10;[33]:-128;248,252;[34]:-128;-2,-258;[35]:-57;47,-195;[36]:-128;-10,-33;[37]:-128;0,10;[38]:-128;-112,161;[39]:-128;5,-21;[40]:-50;-223,299;[41]:-128;193,-213;[42]:-51;10,44;[43]:-51;-142,-19;[44]:-128;94,394;[45]:-128;15,20;[46]:-128;361,-171;[47]:-128;77,-214;[48]:-128;227,109;[49]:-128;-336,303;[50]:-128;128,-139;[51]:-128;-167,111;[52]:-60;-35,452;[53]:-74;17,-27;[54]:-60;0,-206;[55]:-60;-55,-389;[56]:-128;358,-232;[57]:-128;69,-134;[58]:-128;20,-23;[59]:-128;155,-128;[60]:-48;-64,-197;[61]:-128;-12,-17;[62]:-128;17,-11;[63]:-128;-24,-159;[64]:-128;-119,89;[65]:-128;-23,-7;[66]:-128;446,-163;[67]:-128;-264,353;[68]:-128;-5,-203;[69]:-128;-202,50;[70]:-128;-222,-414;[71]:-128;-77,-136;[72]:-128;-57,433;[73]:-128;-121,98;[74]:-128;58,512;[75]:-128;-76,-205;[76]:-128;-11,17;[77]:-128;0,0;[78]:-128;0,0;[79]:-128;0,0.
key:4,path:2,[iq_data]4,1,7121,[0]:-128;0,0;[1]:-128;0,0;[2]:-128;143,-159;[3]:-128;104,268;[4]:-128;201,88;[5]:-128;7,175;[6]:-128;-89,-43;[7]:-128;225,69;[8]:-128;-35,114;[9]:-128;45,-63;[10]:-50;69,-68;[11]:-128;-127,108;[12]:-128;61,42;[13]:-50;235,-126;[14]:-128;22,50;[15]:-49;-60,-39;[16]:-128;-32,-92;[17]:-128;191,229;[18]:-48;23,-13;[19]:-128;-31,-17;[20]:-128;19,256;[21]:-128;-202,-137;[22]:-128;305,31;[23]:-128;0,0;[24]:-128;0,0;[25]:-128;0,0;[26]:-128;265,-144;[27]:-128;289,104;[28]:-128;-17,0;[29]:-128;15,-23;[30]:-128;234,189;[31]:-52;15,-233;[32]:-128;6,-30;[33]:-128;147,318;[34]:-128;-131,-204;[35]:-53;-213,185;[36]:-128;100,-11;[37]:-128;18,22;[38]:-128;101,-277;[39]:-128;36,45;[40]:-49;-85,-368;[41]:-128;-262,29;[42]:-52;-71,85;[43]:-52;-181,-48;[44]:-128;206,-273;[45]:-128;-48,-37;[46]:-128;-43,301;[47]:-128;91,252;[48]:-128;254,-131;[49]:-128;-77,-314;[50]:-128;128,149;[51]:-128;-182,-107;[52]:-53;196,-239;[53]:-50;-22,-48;[54]:-54;63,216;[55]:-59;-248,79;[56]:-128;28,315;[57]:-128;93,164;[58]:-128;17,67;[59]:-128;272,23;[60]:-54;86,225;[61]:-128;34,36;[62]:-128;-4,-43;[63]:-128;74,216;[64]:-128;-208,-39;[65]:-128;29,-47;[66]:-128;409,-111;[67]:-128;-370,134;[68]:-128;242,92;[69]:-128;-111,242;[70]:-128;21,364;[71]:-128;73,174;[72]:-128;-197,-233;[73]:-128;-166,42;[74]:-128;-248,-222;[75]:-128;219,53;[76]:-128;26,26;[77]:-128;0,0;[78]:-128;0,0;[79]:-128;0,0.
key:4,path:3,[iq_data]4,0,7121,[0]:-128;0,0;[1]:-128;0,0;[2]:-128;89,-53;[3]:-128;53,-172;[4]:-128;-71,-67;[5]:-128;31,-26;[6]:-128;-24,1;[7]:-128;97,-67;[8]:-128;-7,-27;[9]:-128;18,1;[10]:-42;18,15;[11]:-128;12,88;[12]:-128;-12,-17;[13]:-50;43,-107;[14]:-128;-10,-16;[15]:-41;5,18;[16]:-128;7,15;[17]:-128;-91,19;[18]:-52;-4,-16;[19]:-128;17,2;[20]:-128;-75,48;[21]:-128;86,17;[22]:-128;-71,-55;[23]:-128;0,0;[24]:-128;0,0;[25]:-128;0,0;[26]:-128;11,-113;[27]:-128;-113,6;[28]:-128;-10,2;[29]:-128;8,0;[30]:-128;-82,20;[31]:-55;18,-90;[32]:-128;2,8;[33]:-128;-115,78;[34]:-128;54,76;[35]:-57;89,38;[36]:-128;9,-4;[37]:-128;-12,-6;[38]:-128;-95,-59;[39]:-128;-4,-2;[40]:-50;-119,-69;[41]:-128;100,65;[42]:-51;-11,2;[43]:-51;-2,-63;[44]:-128;-129,5;[45]:-128;-4,-1;[46]:-128;99,85;[47]:-128;82,12;[48]:-128;-36,83;[49]:-128;-31,-97;[50]:-128;39,36;[51]:-128;-31,-54;[52]:-60;-80,16;[53]:-74;2,6;[54]:-60;49,20;[55]:-60;75,18;[56]:-128;-43,68;[57]:-128;18,52;[58]:-128;0,15;[59]:-128;-3,68;[60]:-48;60,32;[61]:-128;4,5;[62]:-128;-4,5;[63]:-128;64,37;[64]:-128;-1,-73;[65]:-128;11,-2;[66]:-128;-131,118;[67]:-128;37,-157;[68]:-128;81,41;[69]:-128;37,-89;[70]:-128;165,1;[71]:-128;85,1;[72]:-128;-146,-62;[73]:-128;-1,-76;[74]:-128;-117,-14;[75]:-128;78,14;[76]:-128;-5,-12;[77]:-128;0,0;[78]:-128;0,0;[79]:-128;0,0.
key:4,path:3,[iq_data]4,1,7121,[0]:-128;0,0;[1]:-128;0,0;[2]:-128;336,50;[3]:-128;-724,425;[4]:-128;-281,728;[5]:-128;-225,171;[6]:-128;158,-315;[7]:-128;-178,637;[8]:-128;-426,129;[9]:-128;319,-12;[10]:-50;412,134;[11]:-128;-686,-584;[12]:-128;-16,358;[13]:-50;738,279;[14]:-128;-205,231;[15]:-49;7,-353;[16]:-128;40,-190;[17]:-128;-271,692;[18]:-48;218,258;[19]:-128;-56,-121;[20]:-128;-696,622;[21]:-128;132,-871;[22]:-128;-28,649;[23]:-128;0,0;[24]:-128;0,0;[25]:-128;0,0;[26]:-128;333,-21;[27]:-128;-249,552;[28]:-128;104,93;[29]:-128;-63,-103;[30]:-128;-190,596;[31]:-52;628,-89;[32]:-128;93,84;[33]:-128;-560,291;[34]:-128;172,-368;[35]:-53;-584,-502;[36]:-128;65,44;[37]:-128;-129,77;[38]:-128;828,226;[39]:-128;31,16;[40]:-49;357,-196;[41]:-128;215,-604;[42]:-52;-105,-160;[43]:-52;14,-516;[44]:-128;783,233;[45]:-128;51,-5;[46]:-128;-802,-177;[47]:-128;-734,472;[48]:-128;488,192;[49]:-128;461,-590;[50]:-128;-30,357;[51]:-128;-48,-388;[52]:-53;425,417;[53]:-50;100,-45;[54]:-54;-472,260;[55]:-59;-365,-422;[56]:-128;-282,487;[57]:-128;-246,473;[58]:-128;-194,132;[59]:-128;438,477;[60]:-54;-231,538;[61]:-128;0,28;[62]:-128;78,5;[63]:-128;-397,317;[64]:-128;-110,-436;[65]:-128;31,0;[66]:-128;483,276;[67]:-128;-423,-216;[68]:-128;-134,407;[69]:-128;-184,46;[70]:-128;-175,101;[71]:-128;-108,138;[72]:-128;361,-292;[73]:-128;-112,-117;[74]:-128;308,-311;[75]:-128;-172,529;[76]:-128;-111,103;[77]:-128;0,0;[78]:-128;0,0;[79]:-128;0,0.
